5.000000000000000000e-01 4.062975810821092182e+01 8.175728863624082976e+01 9.202894231970213923e+01 9.086018178497899100e+01 8.420105672903042660e+01
1.500000000000000000e+00 1.447145898578585133e+01 2.020064454024495504e+01 3.001666627438575219e+01 3.456748238170058585e+01 3.556888531377106943e+01
2.500000000000000000e+00 8.759221460128632231e+00 7.682574927578811774e+00 1.212398036448934668e+01 1.444536845789178869e+01 1.565703297890989631e+01
3.500000000000000000e+00 5.620883700338215938e+00 3.685067451086419865e+00 6.186905922323295393e+00 7.251509159681991612e+00 7.898159727352936699e+00
4.500000000000000000e+00 3.845347179801525073e+00 1.757221416918292478e+00 3.398576677830204229e+00 3.941925911229514412e+00 4.256417138587392124e+00
5.500000000000000000e+00 2.793420882841610720e+00 7.834215294020638876e-01 1.928304136872906804e+00 2.189282556273850044e+00 2.361690137978599946e+00
6.500000000000000000e+00 2.118659113040788355e+00 2.908218243025055827e-01 1.131725955721276211e+00 1.236295119796810393e+00 1.335575385758771993e+00
7.500000000000000000e+00 1.667517029758242675e+00 3.768185818412343041e-02 6.926054250081683517e-01 7.434873877753784832e-01 7.839782844061617961e-01
8.500000000000000000e+00 1.348216315256425046e+00 -9.823743411724285279e-02 4.396721801028474208e-01 4.497941127324575628e-01 4.723692261976089601e-01
9.500000000000000000e+00 1.111329357479100999e+00 -1.633799847362161217e-01 2.932780936641130043e-01 2.848787190404792891e-01 3.063339823249992544e-01
1.050000000000000000e+01 9.316075509318798575e-01 -1.972912024319079805e-01 2.068646634086556413e-01 1.876006715963950688e-01 1.917155499700327059e-01
1.150000000000000000e+01 7.905577434036469286e-01 -2.096703246678857380e-01 1.448602586326493691e-01 1.277171307996476657e-01 1.312726669803649104e-01
1.250000000000000000e+01 6.793009010201245257e-01 -2.119836119527815088e-01 1.066960860923899662e-01 8.768207870993033337e-02 8.734836888858460435e-02
1.350000000000000000e+01 5.887584443528030009e-01 -2.053121532353084089e-01 7.963877296105373316e-02 6.103726430027607563e-02 6.091202395024103433e-02
1.450000000000000000e+01 5.153611072237835877e-01 -1.983499652819896986e-01 5.757455519312779102e-02 4.353603651837292116e-02 4.295344579649389843e-02
1.550000000000000000e+01 4.531270913966687353e-01 -1.906424222187642348e-01 4.650875564221476632e-02 2.916083724470872052e-02 2.861199738248215371e-02
1.650000000000000000e+01 4.011661373672491537e-01 -1.802530119691472810e-01 3.680984658501008921e-02 2.195402537377617175e-02 2.556933388764900950e-02
1.750000000000000000e+01 3.571623828457508587e-01 -1.711774204137516686e-01 3.018341920867104178e-02 1.578844353464451539e-02 1.653821441076887971e-02
1.850000000000000000e+01 3.195646754381966659e-01 -1.595802561141585474e-01 2.590310697882235863e-02 1.003604911529186461e-02 1.164375276140605653e-02
1.950000000000000000e+01 2.874716556450378491e-01 -1.522591720885663191e-01 2.306049514522992561e-02 6.934472719574306943e-03 1.058612519315287222e-02
2.050000000000000000e+01 2.598085332720907470e-01 -1.418491628424642936e-01 1.752334330855494574e-02 4.393408828260594347e-03 5.378455799792816044e-03
2.150000000000000000e+01 2.344838263433282888e-01 -1.343865835774494533e-01 1.421167391904829339e-02 4.469784940113033511e-03 5.627129930025144382e-03
2.250000000000000000e+01 2.122390313154407238e-01 -1.253235347692385759e-01 1.470701812175727145e-02 3.625038939584652401e-03 3.524338439073415770e-03
2.350000000000000000e+01 1.934495883502840019e-01 -1.178546011268394450e-01 1.185847566922212590e-02 3.201571751100509323e-03 3.298608655330590757e-03
2.450000000000000000e+01 1.761819383935747663e-01 -1.124848802229065359e-01 1.115572819461797989e-02 2.203695949423962065e-03 3.036315946202779691e-03
2.550000000000000000e+01 1.608697947180469379e-01 -1.053978399175321684e-01 8.703714987466791911e-03 3.778062290293242136e-04 3.034479798448706973e-04
2.650000000000000000e+01 1.476048123521074562e-01 -9.960844840739258022e-02 8.598434073866647459e-03 1.009914550958100751e-03 2.834656506093156166e-03
2.750000000000000000e+01 1.352938170269450957e-01 -9.358278443092053756e-02 8.968388528182144603e-03 -2.316309542051618283e-04 2.427543585837759702e-03
2.850000000000000000e+01 1.250102357669913844e-01 -8.849666240152750940e-02 5.814431893986620088e-03 1.101001310001307933e-03 7.524495561205121405e-04
2.950000000000000000e+01 1.151222728440630533e-01 -8.388379993869095330e-02 6.114828605123329153e-03 -8.294750956065989953e-06 -5.024729174713934640e-04
3.050000000000000000e+01 1.055876191991907964e-01 -8.085818601762240210e-02 5.575342579199238542e-03 1.298099604012111635e-03 -1.492847608510181642e-04
3.150000000000000000e+01 9.790881970253308142e-02 -7.605161969637645736e-02 5.906416500814029406e-03 -1.110471180131029613e-04 1.479388839997518908e-04
3.250000000000000000e+01 9.067916753892005244e-02 -7.140109172579607588e-02 5.371871780540857060e-03 -7.618929827902363614e-04 1.158624321451779716e-03
3.350000000000000000e+01 8.407780128682407206e-02 -6.838990325161076189e-02 4.987761361168983887e-03 -7.294436869280113015e-04 5.198116951645010645e-04
3.450000000000000000e+01 7.826265953886459015e-02 -6.536935953726487336e-02 5.665765567119133463e-03 -9.382940888869474973e-04 1.222924917741878602e-03
3.550000000000000000e+01 7.259728007558778617e-02 -6.170417694182862844e-02 4.789635926821031800e-03 -5.965101300092399928e-04 1.921876736494360874e-04
3.650000000000000000e+01 6.727720635774055158e-02 -5.887470383709779431e-02 3.643515004513665865e-03 3.747945734180041229e-04 3.445077736427923392e-05
3.750000000000000000e+01 6.255718481040585532e-02 -5.629663087752577455e-02 3.237034057039315290e-03 4.030497578644789532e-06 -2.536089348721371099e-05
3.850000000000000000e+01 5.850145066869801014e-02 -5.429084436345173181e-02 3.686859076888121534e-03 -6.178662653162509668e-04 1.370986932376208611e-03
3.950000000000000000e+01 5.434557132660720186e-02 -5.179868931503436164e-02 3.812112267132999194e-03 5.851764696107707034e-04 1.735908930563222761e-04
4.050000000000000000e+01 5.077634915919378850e-02 -5.009066193090520175e-02 3.301729117145184821e-03 6.226247581495877132e-04 1.056957424623803510e-04
4.150000000000000000e+01 4.771201603666325175e-02 -4.769347693638491953e-02 3.283340795257960222e-03 -4.878343687745993230e-04 -5.263085572384552111e-04
4.250000000000000000e+01 4.435055189170662021e-02 -4.586609815292205794e-02 2.677352884016908751e-03 -4.290587565347417647e-04 1.734372822007817041e-04
4.350000000000000000e+01 4.115646136618535122e-02 -4.405129913596198682e-02 2.062122758289472012e-03 -8.463789205429371855e-04 -4.865774901757021387e-04
4.450000000000000000e+01 3.881077662132297046e-02 -4.266730206175570195e-02 2.503569544209231692e-03 2.008010797051482609e-04 -1.431667638499412975e-04
4.550000000000000000e+01 3.637266423968286977e-02 -4.026028721227363494e-02 2.230019309726127309e-03 9.379021265923973786e-04 8.731022363222077374e-04
4.650000000000000000e+01 3.384233986339241218e-02 -3.900313465060956802e-02 2.411420838517361939e-03 4.606416334359492788e-04 -2.717163507847708851e-04
4.750000000000000000e+01 3.143458747898997263e-02 -3.871771618905855972e-02 2.083542622544217859e-03 1.974818304262128768e-04 -6.123491296930924080e-04
4.850000000000000000e+01 2.962656553081834468e-02 -3.633147216011954617e-02 2.526474076143606952e-03 4.201890166595207256e-04 -1.116233101339849791e-04
4.950000000000000000e+01 2.758570992776365749e-02 -3.489792941359236289e-02 1.272091058630628714e-03 9.270071225829152640e-04 -6.009055829507048462e-04
5.050000000000000000e+01 2.601518875764346345e-02 -3.362512705385990730e-02 1.607976127652362532e-03 2.280220145494884584e-05 -2.587201330916620297e-04
5.150000000000000000e+01 2.460096823366064028e-02 -3.245548641753961960e-02 1.910836098875952089e-03 7.002839342352464860e-05 -4.863609104594561168e-04
5.250000000000000000e+01 2.303059218270118308e-02 -3.118485765531611026e-02 1.222398237860052809e-03 8.351332062793754727e-04 1.887137059929313188e-04
5.350000000000000000e+01 2.167877056015301770e-02 -3.058668353116977129e-02 1.222981663755260545e-03 5.538053642419108174e-04 3.807155971289167775e-05
5.450000000000000000e+01 2.017525423111596675e-02 -2.946096081217561280e-02 1.715920571043497329e-03 3.694331734779438816e-04 -3.836719374980832197e-06
5.550000000000000000e+01 1.903785757199118536e-02 -2.795533999357868726e-02 1.835758865550055725e-03 7.034127527532485621e-04 9.577831190573152503e-05
5.650000000000000000e+01 1.778191163492365973e-02 -2.690302002643414972e-02 1.789418155736672124e-03 7.408264667863233375e-04 1.056236865432157797e-04
5.750000000000000000e+01 1.680098274910182127e-02 -2.652380537757490636e-02 1.380382264057605952e-03 -6.632853730032825881e-05 -1.577313630670585255e-04
5.850000000000000000e+01 1.586682983772486760e-02 -2.576774400042339264e-02 1.675467455797826277e-03 4.994721354384525991e-04 1.343320412392280704e-04
5.950000000000000000e+01 1.478764459850103949e-02 -2.432255682977799149e-02 7.936149159016346946e-04 2.125257067586024096e-04 -1.015085515779623048e-04
6.050000000000000000e+01 1.397571839709189391e-02 -2.403636302696570554e-02 1.529856488949952369e-03 7.839907764344629815e-04 8.574345976744351342e-05
6.150000000000000000e+01 1.309222208129287232e-02 -2.300152381837215418e-02 1.609258362662656112e-03 -9.360198213514153861e-05 -1.465855122201946653e-04
6.250000000000000000e+01 1.251295874171756348e-02 -2.270413439017014354e-02 1.129101906437523974e-03 1.809430576817020581e-04 1.186059233767402566e-04
6.350000000000000000e+01 1.147141524328576349e-02 -2.180344290706325017e-02 1.480796399961438036e-03 5.706054554722343264e-04 -3.766819359945287578e-04
6.450000000000000000e+01 1.075178223081739264e-02 -2.093974102857532743e-02 1.407472848435923187e-03 6.879392433881454001e-04 -8.239146286893014642e-05
6.550000000000000000e+01 1.022554198216883356e-02 -2.040109956343443692e-02 1.058892334456826680e-03 1.404040461682316517e-04 -1.111832326221822874e-03
6.650000000000000000e+01 9.667151057988135690e-03 -1.974263395153917286e-02 9.887361417799172755e-04 -1.035338937018830460e-04 -3.830405026915246558e-04
6.750000000000000000e+01 9.068291902364548560e-03 -1.937561573718030172e-02 4.011803099637757880e-04 4.604372660727034305e-04 -6.574143259831640102e-05
6.850000000000000000e+01 8.391740663748750370e-03 -1.864083926308842537e-02 7.356809576345701160e-04 2.243940919909009196e-04 -4.652519740513872315e-05
6.950000000000000000e+01 7.857010269340417366e-03 -1.814379572538114133e-02 1.064354838969025973e-03 -1.835115127288445961e-04 4.529257022856948397e-04
7.050000000000000000e+01 7.341623943974258382e-03 -1.782284933527785234e-02 8.733316210750371881e-04 -8.313294023794508129e-05 -3.289621961100863668e-05
7.150000000000000000e+01 6.824976981471003387e-03 -1.686370656714488575e-02 7.295815484681938013e-04 1.617847942100593395e-04 4.624207052344950501e-04
7.250000000000000000e+01 6.564328304693828678e-03 -1.598645546907860593e-02 1.365237060909416447e-03 5.744073571889446320e-04 -3.529892502077885746e-04
7.350000000000000000e+01 6.021152927913157003e-03 -1.581960498853603528e-02 9.014579305623750261e-04 8.158783927273686890e-05 -4.722789196076173984e-04
7.450000000000000000e+01 5.686429336252045962e-03 -1.538267404884214110e-02 1.090056255609293768e-03 -2.695738349316727385e-04 -1.015138872920278138e-05
7.550000000000000000e+01 5.391968852669295001e-03 -1.506350022736882392e-02 8.726379714262830559e-04 1.329000148565565281e-04 -1.128482567734405374e-04
7.650000000000000000e+01 4.953595819805011943e-03 -1.428990900834111420e-02 8.869380309256351923e-04 -5.837943308662733589e-05 -5.342065621087499147e-04
7.750000000000000000e+01 4.535418421501388742e-03 -1.413260354419335930e-02 8.197164730217766518e-04 -1.632513096971247967e-04 5.620890488647443667e-07
7.850000000000000000e+01 4.440349070947569553e-03 -1.360229590334909901e-02 9.555473378179450087e-04 -1.349473407586064793e-04 5.132939248524652888e-05
7.950000000000000000e+01 4.141002629754620377e-03 -1.305423596068489879e-02 8.324954398456289309e-04 -2.430395990071149281e-05 4.664559243397614218e-04
8.050000000000000000e+01 3.858268186961483388e-03 -1.274104469987673294e-02 4.278161055607178527e-04 4.094366507100092060e-05 1.323139835510596125e-04
8.150000000000000000e+01 3.753045208549898263e-03 -1.235999624213382324e-02 7.742468077174821184e-04 -7.306644981045385279e-05 -3.001709700108026797e-05
8.250000000000000000e+01 3.612236115345416384e-03 -1.202738209389857087e-02 3.216369291377077261e-04 -2.367538911136144049e-04 7.264864172768061359e-04
8.350000000000000000e+01 3.470681351877959262e-03 -1.154036394658212311e-02 2.455765901774492371e-04 4.978556870330508213e-05 2.478436896877828826e-04
8.450000000000000000e+01 3.356795817369912730e-03 -1.117597864189042410e-02 5.141260782467602574e-04 -8.390768822359902235e-05 2.101356521068605823e-04
8.550000000000000000e+01 3.253042573410320788e-03 -1.086496131049274026e-02 3.718359418853465657e-04 -2.746846759203113407e-04 4.240844082695150114e-04
8.650000000000000000e+01 3.325410625512228817e-03 -1.089948704686017483e-02 2.223347082209564923e-04 -2.130337036905500625e-04 2.890465725510774010e-04
8.750000000000000000e+01 3.225018405067247174e-03 -1.029255276497305534e-02 1.552245107668327761e-04 -6.651500891099521506e-05 8.707020839920036727e-05
8.850000000000000000e+01 3.292218863030330761e-03 -9.958462075175224942e-03 5.101969991968891206e-05 -6.825822214748792803e-05 1.589153501001879139e-05
8.950000000000000000e+01 3.304277012022923451e-03 -9.822541607247575746e-03 1.179784376909976671e-05 4.085295618585664318e-05 -4.046881407753469853e-05
9.050000000000000000e+01 3.450232926274772721e-03 -9.397852702374399902e-03 3.144087131719799835e-04 1.297316402027852975e-04 -1.375414676277963793e-04
9.150000000000000000e+01 3.413527833753198827e-03 -8.968258045590041944e-03 1.878905202602362237e-04 3.286589258053780084e-04 -1.588870731670562067e-04
9.250000000000000000e+01 3.539509260977316725e-03 -8.839810453706367643e-03 3.758274334293555219e-04 2.352896372929056388e-04 6.147606214445401715e-05
9.350000000000000000e+01 3.693636872979317882e-03 -8.547040006188952668e-03 1.940358228158862888e-04 2.726076559620384991e-04 3.594191827871271317e-05
9.450000000000000000e+01 3.733603256477408591e-03 -8.766665835621981206e-03 -1.878021798765839735e-05 2.879141050682236476e-06 -2.057804449924165028e-04
9.550000000000000000e+01 3.812780271399653607e-03 -8.161658384946831810e-03 6.873446440318071570e-05 1.102873310765291440e-04 -6.306550823856744937e-04
9.650000000000000000e+01 3.850477252148222593e-03 -8.115801347398581000e-03 2.221818833847702607e-04 -2.185621646726554205e-04 -2.618724037913725336e-04
9.750000000000000000e+01 4.024806046163500670e-03 -8.037724232504823985e-03 -2.044066379027137999e-04 1.164025672320249423e-04 3.724542839221539441e-04
9.850000000000000000e+01 3.918340543865353985e-03 -7.743296873267908713e-03 2.105487326599127980e-05 2.916262340606138974e-04 -4.763649998978648726e-05
9.950000000000000000e+01 4.247787441170701797e-03 -7.827202348471970147e-03 2.605838166219077859e-04 1.294338026286532704e-04 1.390768846204172777e-04
1.005000000000000000e+02 4.194669471205112951e-03 -7.362218416744400508e-03 2.831620328749918968e-04 8.622515733029651819e-05 -9.073719791586712141e-06
1.015000000000000000e+02 4.269619483361077397e-03 -7.446270099476401567e-03 9.039803126221252914e-05 -2.502107846938037006e-04 6.853983886592571686e-06
1.025000000000000000e+02 4.348661628356759179e-03 -7.146880979836536980e-03 2.607551803779094334e-04 6.936700813120605098e-05 -1.793367031990535034e-04
1.035000000000000000e+02 4.160249281901612708e-03 -7.028053409849380380e-03 2.204837156007147486e-04 1.080764515045475692e-05 3.721190691751264214e-04
1.045000000000000000e+02 4.153771627221785473e-03 -6.959171474090407664e-03 1.035551196040721098e-04 1.778603081470811291e-04 1.521284266622138713e-05
1.055000000000000000e+02 4.076373309551780365e-03 -6.558185368515787560e-03 3.021581960345868546e-04 3.028267276536908458e-04 1.872367722612287822e-04
1.065000000000000000e+02 3.971047387498255823e-03 -6.372323482060765487e-03 3.014904668998568456e-04 -3.667941528557877861e-05 2.001025762734162097e-04
1.075000000000000000e+02 3.847579778311984149e-03 -6.620101283092684474e-03 3.933466207130957614e-04 -2.399012030782573954e-05 8.633615450270732132e-05
1.085000000000000000e+02 3.711401386299847602e-03 -6.436859814682005521e-03 4.328666472908837743e-04 -6.669417777295953786e-06 3.480573329516085360e-04
1.095000000000000000e+02 3.618649270152222465e-03 -6.170015213578737209e-03 5.708085217357208028e-05 -2.969577291040186788e-04 2.401798871317476522e-04
1.105000000000000000e+02 3.378341308315122981e-03 -5.953744661792405128e-03 5.708388053401201650e-04 -2.416006612573362317e-04 5.179372216949538425e-04
1.115000000000000000e+02 3.274959989739110577e-03 -5.655683362642364813e-03 4.308357770374003702e-04 -2.628167561944547365e-04 1.638898754752706637e-04
1.125000000000000000e+02 3.030245862171379416e-03 -5.549657470236180230e-03 3.844025080988914623e-04 -2.363000622840778629e-05 6.998511493675479847e-04
1.135000000000000000e+02 2.855531780991201526e-03 -5.438651881979309106e-03 5.896101422161731517e-04 -6.916028004169169467e-05 2.996701084408806602e-04
1.145000000000000000e+02 2.649993532434165126e-03 -5.350058961492100765e-03 1.804878335120196670e-04 -7.253680990720172710e-05 4.645232152081209070e-04
1.155000000000000000e+02 2.433647478509076267e-03 -5.402895730002786091e-03 5.540876382784801820e-04 -2.901873195586185720e-04 2.254712420094981179e-04
1.165000000000000000e+02 2.170453677296951302e-03 -5.310461584077044370e-03 2.405827244702316708e-04 4.168798651976138477e-04 -1.650659614564849490e-04
1.175000000000000000e+02 1.956089855195452046e-03 -4.966436225162851326e-03 5.031208030423687345e-04 -5.698478402208610613e-05 5.423960703992167996e-05
1.185000000000000000e+02 1.681969232645316161e-03 -5.083613912297867306e-03 3.525507360325441891e-04 1.184376986267029748e-04 2.955377568959838904e-04
1.195000000000000000e+02 1.599821353667933450e-03 -5.115934679077296932e-03 5.071946315451092684e-04 -5.318066844142553149e-05 4.874205944047582889e-04
1.205000000000000000e+02 1.323573588700822663e-03 -4.976924418315974499e-03 5.854792825896662630e-04 -3.943219754929794653e-04 8.134360156586677854e-05
1.215000000000000000e+02 1.019059518525903749e-03 -4.893851596957109890e-03 3.881870100985902738e-04 -1.311691047335095345e-04 3.135703612991112832e-04
1.225000000000000000e+02 8.230268862054922674e-04 -4.791458016337005708e-03 1.515102068081679667e-04 4.773132598526151084e-05 2.322202079613157799e-04
1.235000000000000000e+02 5.859766182769048136e-04 -4.657435402820242140e-03 2.791394075155525785e-04 2.172870773066215688e-06 1.887654623423356669e-04
1.245000000000000000e+02 4.961805948182450429e-04 -4.765492030328201400e-03 -4.080793325152632831e-05 -2.759836119207149355e-05 2.952657633103145996e-04
1.255000000000000000e+02 2.937911195188340182e-04 -4.573863852085104792e-03 2.523143669706878972e-04 1.905719435325396987e-04 4.600026359725727592e-05
1.265000000000000000e+02 7.188158260042323876e-05 -4.622264064729653121e-03 3.710076354543780488e-04 -7.916749535882718189e-05 3.494246191843819699e-05
1.275000000000000000e+02 3.716368395078785419e-05 -4.544163034123128303e-03 1.464927716724951018e-04 -2.146294018984902172e-06 -2.557918728925643865e-04
1.285000000000000000e+02 -1.532839190548043089e-04 -4.452812523064290234e-03 2.766244138303963285e-04 8.878852764651511473e-06 -5.307573898957726374e-05
1.295000000000000000e+02 -2.601974293154234782e-04 -4.461051641997058545e-03 5.353898859352078377e-04 1.201587476020126826e-04 2.310473484676870911e-05
1.305000000000000000e+02 -3.647830718581996008e-04 -4.397074756209620044e-03 2.742740089187305241e-04 2.155031930556489139e-04 -5.526866488708096631e-05
1.315000000000000000e+02 -4.690478012151731973e-04 -4.508412320613859083e-03 3.026679551090253511e-04 -3.049746003647009983e-04 2.060427435341098006e-04
1.325000000000000000e+02 -6.420628269370741480e-04 -4.249916761512259784e-03 4.549857170873336130e-04 1.188305302353816152e-04 5.042492711541241273e-04
1.335000000000000000e+02 -6.878359741212161215e-04 -4.088461107520606833e-03 4.542223671516667106e-04 -3.269353350097667669e-04 1.908291549947066295e-04
1.345000000000000000e+02 -6.615643494736664874e-04 -4.185369035595624954e-03 3.828236354513721491e-04 1.589770996484088340e-04 3.196965526540146028e-05
1.355000000000000000e+02 -7.261171866930918404e-04 -4.172203984660852183e-03 4.600395265661728038e-04 -1.685861230570718042e-04 1.098522770232161522e-04
1.365000000000000000e+02 -7.934852872048684183e-04 -4.257048187298199775e-03 6.636189394607863333e-04 -1.398311566978795628e-04 -7.342569330919417644e-05
1.375000000000000000e+02 -8.028029731279093381e-04 -4.113026123929293572e-03 6.213876620892727761e-04 1.220859863019376314e-04 1.115841724188188812e-04
1.385000000000000000e+02 -8.792056957390900198e-04 -4.174109777055290404e-03 5.817435383867692114e-04 1.516336267471276970e-04 -5.023415566674262596e-05
1.395000000000000000e+02 -9.798528351374156259e-04 -4.013101810101006063e-03 5.687082380112840931e-04 8.499516348901522186e-05 -3.203680223758141528e-05
1.405000000000000000e+02 -9.144678946888251669e-04 -3.829900502300424576e-03 5.297392598092822607e-04 3.784133397393275151e-04 8.266453344505864044e-05
1.415000000000000000e+02 -9.633346949915977354e-04 -4.007159285933377391e-03 4.834473181911009849e-04 2.192307944734515175e-04 -1.960018283198722966e-05
1.425000000000000000e+02 -1.020359369057307047e-03 -3.707066701591233207e-03 4.208696595116891148e-04 1.735361860281628448e-05 2.507264636300169714e-04
1.435000000000000000e+02 -9.332478631152244788e-04 -3.815341887370240527e-03 4.078067819106655873e-04 1.375801363685000636e-04 6.176114596876370829e-05
1.445000000000000000e+02 -9.661592111544674635e-04 -3.599418796948009383e-03 3.450482472628894513e-04 1.388954869948435037e-04 -4.847022800991876136e-05
1.455000000000000000e+02 -9.932522131807016309e-04 -3.512134786471952323e-03 5.996553345513781818e-04 -2.038936061879946516e-04 3.118488961812250683e-05
1.465000000000000000e+02 -1.035494473775170872e-03 -3.574372880726591623e-03 3.294213386725753788e-04 1.658087350043306553e-04 2.099445117340275837e-05
1.475000000000000000e+02 -1.001158588731517352e-03 -3.558646828292178280e-03 2.685378567506899856e-04 -9.573170151121490363e-05 1.632014008898563030e-04
1.485000000000000000e+02 -9.087143211718714609e-04 -3.548804825613615689e-03 5.714825882018834688e-04 -8.960672559303618486e-05 1.923740489363757154e-05
1.495000000000000000e+02 -9.362413230361112983e-04 -3.398302625771064921e-03 4.179527180579779583e-04 6.629112265299764138e-05 -1.180767875429024458e-04
1.505000000000000000e+02 -9.765072879061060130e-04 -3.395976652347830905e-03 5.061038907334124192e-04 1.020104402405943701e-05 2.902576382324155218e-04
1.515000000000000000e+02 -9.344401936238336866e-04 -3.258508526310546598e-03 1.599142858740919910e-04 9.111059662055637166e-05 1.441792646921582772e-04
1.525000000000000000e+02 -1.005533419202294266e-03 -3.161372738638249923e-03 5.880444154770048202e-04 4.413301205430650363e-04 -2.157838773787831624e-05
1.535000000000000000e+02 -1.019074274227624788e-03 -3.182322556442723945e-03 2.782184247983556695e-04 -8.742693327034522729e-05 3.906316740310068519e-04
1.545000000000000000e+02 -1.008426865108534489e-03 -3.102629637605056837e-03 6.017351658927703843e-04 1.855707936832663534e-04 -1.126433696351643538e-04
1.555000000000000000e+02 -9.542959850593864604e-04 -2.983736900883734652e-03 4.145690670467807736e-04 2.942819845981011265e-05 -1.972458788776902422e-04
1.565000000000000000e+02 -9.848698946667271831e-04 -3.000629812791034447e-03 3.082149398769885884e-04 1.695513950388400899e-04 1.979737201389795054e-04
1.575000000000000000e+02 -9.696596478227562620e-04 -2.957340639434698909e-03 2.204527003143865284e-04 3.644558542467801580e-04 2.789877936419705193e-04
1.585000000000000000e+02 -9.281387609685063170e-04 -2.862112437907642862e-03 3.067323477776794744e-04 2.647617629526913350e-04 1.913754268780449056e-04
1.595000000000000000e+02 -1.023307943556768301e-03 -2.676251738707828998e-03 4.205490221865059840e-04 7.039089213872584520e-05 -5.085370797305077185e-05
1.605000000000000000e+02 -9.799229754208322544e-04 -2.735015100387776146e-03 3.777759364174325353e-04 2.606476765469067878e-05 1.496912789581027684e-06
1.615000000000000000e+02 -9.820395410007187048e-04 -2.586456766425910148e-03 3.730223921283461587e-04 -1.437336628281659441e-04 7.440266433079633041e-05
1.625000000000000000e+02 -9.101147461109176853e-04 -2.605665658945915258e-03 4.349659116875532984e-04 -4.452761974433523277e-05 -1.041564446022471592e-04
1.635000000000000000e+02 -9.265990491332137292e-04 -2.440976695350080116e-03 4.172671636597757557e-04 -2.164256951952666036e-04 1.699964541080567235e-05
1.645000000000000000e+02 -9.028398930514244846e-04 -2.442365091692511817e-03 3.730470990633048085e-04 -1.827304940307821379e-04 1.218022955737274811e-05
1.655000000000000000e+02 -9.132172453251496480e-04 -2.335228088666380184e-03 4.340002284799373677e-04 3.652694037842919476e-05 -1.714736364312266785e-04
1.665000000000000000e+02 -9.416261761957082921e-04 -2.268642258152379215e-03 3.953138470779931453e-04 -9.999689695734154018e-05 -1.511863108657997485e-04
1.675000000000000000e+02 -8.927888155295499693e-04 -2.294384634587595586e-03 1.775722314637637102e-04 1.368963011287709853e-05 1.428133786985305586e-04
1.685000000000000000e+02 -9.056372114687561781e-04 -2.147624016642569588e-03 2.308185735442118641e-04 -1.863356292632691610e-04 -1.853200558260156524e-04
1.695000000000000000e+02 -9.546605728076603238e-04 -2.190214492868604659e-03 1.864810881685421615e-04 -1.794151641265874183e-04 -1.498607975139439410e-04
1.705000000000000000e+02 -8.526498664557282661e-04 -2.228484271352608979e-03 2.242556396249371898e-04 -3.474226324504906416e-04 -1.866352290269507428e-04
1.715000000000000000e+02 -8.128418576322884483e-04 -2.047620409289678534e-03 4.040328847020663501e-04 2.596481750166112007e-05 7.619077776723130291e-05
1.725000000000000000e+02 -8.762929338808288747e-04 -2.005691614635454929e-03 2.778957013229743666e-04 -2.374175000338155084e-04 6.032306847417997158e-05
1.735000000000000000e+02 -8.327201782720298519e-04 -1.871914994179156664e-03 3.257034822255905902e-05 -3.532895735030611877e-04 -2.547701829111552316e-05
1.745000000000000000e+02 -8.865760576334494759e-04 -1.816587572576423924e-03 2.515671735095253362e-04 -1.680315868508518469e-05 -8.950768520636801987e-06
1.755000000000000000e+02 -8.263826931114439615e-04 -1.825492596527814298e-03 3.056765503241195051e-04 -1.511966743606274325e-04 -2.648166122438780118e-04
1.765000000000000000e+02 -8.279584392202563601e-04 -1.768835219546617717e-03 5.609340539467495536e-05 -1.102260616464721793e-05 -4.719585938102698053e-04
1.775000000000000000e+02 -8.447054881904617540e-04 -1.693024996282340268e-03 1.561046503772716050e-04 -6.570115482657964392e-05 -2.779733727864148996e-04
1.785000000000000000e+02 -8.173756616000297116e-04 -1.547702441723129620e-03 1.517806834097933967e-04 4.556859168178456260e-05 2.762863301422284056e-05
1.795000000000000000e+02 -7.875316556042023883e-04 -1.705624865868319738e-03 9.388661267525089398e-05 -1.592070712398526355e-04 -2.433704311046018621e-05
1.805000000000000000e+02 -7.618197890969276168e-04 -1.672986927110895004e-03 2.178384973599178348e-05 -4.906189660107150753e-05 -2.990789805231112031e-04
1.815000000000000000e+02 -7.367482927926401366e-04 -1.463696718199798902e-03 2.689962563240249640e-04 -1.292590571764924668e-04 -1.124390726078510860e-04
1.825000000000000000e+02 -7.344626683979510982e-04 -1.541437096987446171e-03 2.018485362536741117e-04 -2.536933375946523591e-04 9.824341969690315456e-05
1.835000000000000000e+02 -7.916985528400184149e-04 -1.474233921443584118e-03 1.117698397153277825e-04 -3.977600047790376121e-05 7.828328234842447584e-05
1.845000000000000000e+02 -7.713271241752194061e-04 -1.545231989161992541e-03 4.968807531973764571e-05 -5.322983431422866714e-05 3.848620572914258784e-05
1.855000000000000000e+02 -6.991637682549668460e-04 -1.568668611978764598e-03 1.244443098879784268e-04 -6.958624909150348055e-05 -1.479054128689382980e-04
1.865000000000000000e+02 -6.659603909383701639e-04 -1.348418692133227133e-03 1.912893250445290574e-04 -1.518825251507405411e-04 -1.081280999651952119e-04
1.875000000000000000e+02 -6.991365150150332742e-04 -1.384702141438109730e-03 1.033124672924716475e-04 -4.911795068567601300e-05 4.636427327479111386e-05
1.885000000000000000e+02 -7.128707190026706579e-04 -1.290581491800507283e-03 1.039340600580310696e-04 -6.562223233450597995e-05 -2.274935579333239432e-04
1.895000000000000000e+02 -6.040130986534666133e-04 -1.379997834202809906e-03 6.727206284581298799e-05 -1.182779572871688116e-04 6.138979552407573652e-05
1.905000000000000000e+02 -6.818104159794878679e-04 -1.147845627564997566e-03 1.864788841485641349e-04 -3.193092658514938022e-04 -1.629533582558450981e-04
1.915000000000000000e+02 -7.091942196643963867e-04 -1.133848705195430063e-03 9.234298997771252281e-05 -2.687382112846179220e-04 -1.415200190636568627e-04
1.925000000000000000e+02 -6.390797982649628912e-04 -1.231603754749063329e-03 2.090076048423471461e-04 -1.078579216596517904e-04 5.138436178405840797e-05
1.935000000000000000e+02 -6.235690003548868343e-04 -1.136942332014857608e-03 1.994521243762669089e-04 -2.269837794668680766e-04 -6.345325717751882743e-05
1.945000000000000000e+02 -5.741488471165476096e-04 -1.153047397290406879e-03 3.015105478220173551e-04 -2.182717638282169828e-04 5.850250054161429744e-05
1.955000000000000000e+02 -6.486557552176871501e-04 -1.066990452404275149e-03 3.185901365463258928e-04 -2.183070537346436832e-04 1.283975724121477215e-04
1.965000000000000000e+02 -6.178924808871933327e-04 -1.136831278936551630e-03 4.656446680824584709e-04 -6.987216365587200085e-05 5.494098647228228444e-05
1.975000000000000000e+02 -6.338595326822271756e-04 -1.093413575206109850e-03 2.267416793843345460e-04 -9.514176456869419306e-05 2.462513499672274974e-05
1.985000000000000000e+02 -6.432876633451429030e-04 -1.202440115064434259e-03 2.801554032574512794e-04 -3.088045853441215684e-04 -6.316234423780638075e-05
1.995000000000000000e+02 -6.756597259287894144e-04 -1.122359489275732850e-03 2.367669972709288584e-04 -1.466041460198607479e-04 4.797001612767068108e-05
2.005000000000000000e+02 -6.567834447979720852e-04 -1.080082555323481431e-03 1.403365711191151819e-04 -1.914987993714599099e-04 -2.749591317982794515e-05
2.015000000000000000e+02 -6.083019500251549009e-04 -1.113713777195901502e-03 7.232985187533522446e-05 -7.106460205361819120e-05 2.134795142017625565e-04
2.025000000000000000e+02 -6.068575443801814840e-04 -1.052179727069754321e-03 1.952837059336653177e-04 -2.837369338091660489e-05 1.106384743806909589e-04
2.035000000000000000e+02 -5.995215312604404738e-04 -1.098581878988495438e-03 1.879483433842950215e-04 -5.218349553152257209e-05 3.260144487737765082e-04
2.045000000000000000e+02 -5.863593694762861018e-04 -1.079106656306933311e-03 1.004980720446827322e-04 -2.107562027889963016e-04 2.599437360517055351e-04
2.055000000000000000e+02 -5.306676841896168203e-04 -1.056195370288972452e-03 3.160103423134794608e-04 -1.719620953356260085e-04 2.550786866058918790e-04
2.065000000000000000e+02 -5.073390428016193339e-04 -1.128560256648384859e-03 2.210626276142714127e-06 -2.041365449897020201e-04 1.571191716766714660e-04
2.075000000000000000e+02 -5.459225846010838049e-04 -1.052661943874724998e-03 7.337477703243124288e-05 -4.122954867701126300e-05 2.009727489319324478e-04
2.085000000000000000e+02 -5.787514738765528683e-04 -1.038179725735302117e-03 3.939731762830884655e-06 -7.460372603683974283e-05 6.841677306192792531e-05
2.095000000000000000e+02 -5.473719241726645581e-04 -1.125808826957924507e-03 9.380228695615342675e-05 -2.481173068352943785e-04 9.107191603110782881e-05
2.105000000000000000e+02 -5.514589300910972434e-04 -9.739725790861771546e-04 1.009972107542546875e-04 -1.573667928006648633e-04 -1.039590567935346903e-04
2.115000000000000000e+02 -4.866772332224734272e-04 -1.026304100795976835e-03 1.162281367953392833e-04 -1.157589607121905720e-04 1.552520705524474396e-04
2.125000000000000000e+02 -4.923151718985308966e-04 -9.914573801575652084e-04 -4.065993889670063238e-05 -9.509728070453557166e-05 5.184785379781922866e-05
2.135000000000000000e+02 -4.958691683501499203e-04 -1.037893192376424488e-03 -3.878831717222897349e-05 -9.116425801231550232e-05 2.239972005036400347e-04
2.145000000000000000e+02 -4.409659597153506240e-04 -1.046697338687675640e-03 -6.086856086402467808e-05 3.902517621116282823e-05 7.887280779040494643e-05
2.155000000000000000e+02 -4.164712236985112300e-04 -9.469132750425929409e-04 -3.325902740801987210e-05 -1.181039000829699834e-05 1.001225578554241282e-04
2.165000000000000000e+02 -4.518660007578065101e-04 -9.272569777933841297e-04 3.977398984773739975e-05 -9.532033541440980407e-05 1.416813859931744630e-04
2.175000000000000000e+02 -4.092540940282365946e-04 -9.293201371118300002e-04 5.365147721159800863e-05 -7.410834786449922587e-05 1.206697536493857840e-04
2.185000000000000000e+02 -4.812181610433009815e-04 -1.034024078110874030e-03 -3.394066241344871577e-05 -6.622778636533390730e-05 1.783158942164116004e-04
2.195000000000000000e+02 -3.807262778164017874e-04 -7.596601567407769342e-04 -9.746873809695984930e-06 -1.535481802488915921e-04 1.884569155843118576e-04
2.205000000000000000e+02 -4.154957696547828777e-04 -7.818574577371459897e-04 5.219595362136267313e-05 -2.948045382306165548e-05 -1.488645061773020484e-04
2.215000000000000000e+02 -3.452504969316559972e-04 -8.600147562430609941e-04 9.388614606670159625e-05 -1.633220641063925366e-04 -9.783572634863198507e-05
2.225000000000000000e+02 -3.789673074655300518e-04 -8.043286312679800423e-04 2.240860082676874199e-05 2.572758414895512838e-05 -2.317874294524161286e-04
2.235000000000000000e+02 -3.502977411916732603e-04 -7.404229766922967209e-04 7.271812372772154022e-05 7.112290808899478874e-06 -5.899494616220000509e-05
2.245000000000000000e+02 -3.218930244141892738e-04 -7.326849602904283868e-04 2.978492169159538207e-05 -1.526113642857659198e-04 -7.415878715132336095e-05
2.255000000000000000e+02 -3.457072668157953714e-04 -8.027255301322859526e-04 4.918651698719515283e-05 -3.738192083292673639e-04 -9.364639867930235780e-05
2.265000000000000000e+02 -3.309762110885461350e-04 -5.881988447433100873e-04 1.138015892867868514e-04 -1.553605121317856047e-04 1.263465588593292323e-05
2.275000000000000000e+02 -3.192845648893869771e-04 -6.750746489420964653e-04 3.169041670701620806e-04 -2.640216535364610850e-04 -2.708001422041039297e-04
2.285000000000000000e+02 -2.783121239198401158e-04 -7.476073574350359553e-04 1.021528132347528615e-04 -3.242238480614548311e-04 -2.127856553982719661e-05
2.295000000000000000e+02 -2.749997833305183981e-04 -7.051457338211776634e-04 1.221435849588804192e-04 -2.118154325306521543e-04 -1.490013774842782973e-04
2.305000000000000000e+02 -2.962877026364994434e-04 -5.640127856790123212e-04 2.928967569203004269e-04 -1.690769912229428287e-04 -6.931693224668366974e-05
2.315000000000000000e+02 -2.912671275973374285e-04 -6.414117570212497657e-04 2.347607925229046788e-04 -5.417390167584439282e-05 -5.761765252540301514e-05
2.325000000000000000e+02 -2.750657660853596015e-04 -5.775753279950680483e-04 3.226540517652668415e-04 -1.689408145186518180e-04 -2.858109646339406537e-05
2.335000000000000000e+02 -3.099629039453836586e-04 -7.205117072229136549e-04 2.112950594572349141e-04 -1.359493641376662368e-04 5.791301755711311130e-05
2.345000000000000000e+02 -2.733498704575182815e-04 -6.627523172672362050e-04 2.252323181269172663e-04 -4.842041246308572983e-04 -1.102540353785829216e-04
2.355000000000000000e+02 -2.068953568698591206e-04 -5.021555226944384104e-04 1.847874107661534636e-04 -2.455778427040914281e-04 -9.760748979365661051e-06
2.365000000000000000e+02 -2.594010849108352858e-04 -5.331594638432295141e-04 1.698216459454355805e-04 -4.001613233027162021e-04 -5.440429439123876574e-05
2.375000000000000000e+02 -2.259191988160486292e-04 -5.260424203187384759e-04 2.441145560769227094e-04 -4.298074529670043321e-04 9.233687337369479492e-05
2.385000000000000000e+02 -1.948210826703913629e-04 -6.288017786715225646e-04 2.075323781240989447e-04 -2.233532967846806267e-04 -8.978138939462826308e-05
2.395000000000000000e+02 -2.477399949798936903e-04 -5.859853745252526294e-04 3.162552565040702493e-04 -1.711709432058305534e-04 9.205234811168793232e-05
2.405000000000000000e+02 -2.176208154451919413e-04 -6.299729176448704828e-04 3.607192155414897265e-04 -2.967109118471282915e-04 2.405729315252166195e-06
2.415000000000000000e+02 -2.073588597884824781e-04 -5.737291957879335361e-04 1.947956726045455944e-04 -1.301813921244507138e-04 -3.567742381149211010e-05
2.425000000000000000e+02 -2.213797811251790070e-04 -5.685044208538172399e-04 2.176233955912224721e-04 -2.786180447676230476e-04 8.684391846399841400e-05
2.435000000000000000e+02 -2.023569859543089989e-04 -6.219138453216236598e-04 2.118371072479740495e-04 -2.047646526498850294e-04 -2.267978114253119012e-05
2.445000000000000000e+02 -2.335465680116570811e-04 -5.540145716117770344e-04 1.571253028781381352e-04 -2.167982298236603809e-04 1.337554407133114353e-04
2.455000000000000000e+02 -1.858853317154234941e-04 -5.363970705257243470e-04 2.434809064998866767e-04 -1.493532681166182539e-04 -3.496633095736590688e-05
2.465000000000000000e+02 -1.855313735728055392e-04 -5.347845850279765376e-04 7.600204087654862804e-05 -1.560857203978556344e-04 1.881317931907138126e-04
2.475000000000000000e+02 -1.869756703900719375e-04 -5.862670334068906600e-04 1.415636993033932546e-04 -9.188618170607724847e-05 2.123829711968754986e-04
2.485000000000000000e+02 -2.160830141969549700e-04 -5.189428023704480706e-04 2.668406686309917871e-04 -1.905865541403605184e-04 2.648159590883611978e-04
2.495000000000000000e+02 -2.477901964199399486e-04 -5.909357750529865318e-04 1.945834195014822885e-04 -3.679580401292961429e-04 7.742399722813969934e-05
2.505000000000000000e+02 -1.759631877035357206e-04 -4.926092121583462019e-04 2.041229387467156106e-04 -1.486166296978639354e-04 1.961993033044966812e-04
2.515000000000000000e+02 -1.827735919605824740e-04 -5.450338227874420172e-04 2.793952154169148739e-04 -1.617288469149001965e-04 2.364238651658220230e-04
2.525000000000000000e+02 -2.488774329640665046e-04 -4.834877207993997688e-04 1.183953089376817592e-04 -2.331405750133197356e-04 1.890410320757057066e-04
2.535000000000000000e+02 -2.178289972981776231e-04 -5.659276367740905195e-04 2.485763359930308423e-04 -2.397909467034961203e-04 1.962685356302920311e-04
2.545000000000000000e+02 -2.146809459846985859e-04 -5.653372643429280383e-04 1.626425248792974477e-04 -3.113569205079971293e-04 1.052240152460829140e-04
2.555000000000000000e+02 -1.815738941849243517e-04 -5.083164483262268135e-04 9.787193146556674532e-05 -1.772281090067476977e-04 5.030839134591277329e-06
2.565000000000000000e+02 -1.631551895631783112e-04 -6.283465795613687359e-04 2.488119270922770662e-04 -2.518973903752634233e-04 3.190740428400279404e-04
2.575000000000000000e+02 -2.917454049969013508e-04 -5.421214854563793147e-04 1.733223847850385809e-04 -9.380588965959152110e-05 -1.487187686627110688e-05
2.585000000000000000e+02 -2.716736747003103232e-04 -6.431780881685337809e-04 4.270825452645669927e-05 -8.060666874120258851e-06 1.526158485253845468e-04
2.595000000000000000e+02 -2.304962685965364344e-04 -4.631681387926355549e-04 1.858126561344965503e-04 4.653771744510011300e-05 -5.205425381984563461e-05
2.605000000000000000e+02 -1.925854138425877487e-04 -5.904176458784753589e-04 8.113067971284723613e-05 -1.856006885813260305e-04 -1.525606351439613673e-04
2.615000000000000000e+02 -1.891354790264313662e-04 -6.235884152158113931e-04 1.013730873284136451e-04 -2.596375302097344152e-04 5.612958985419593422e-05
2.625000000000000000e+02 -2.424575928801009025e-04 -5.365988506884576117e-04 9.799136617259883843e-05 -2.518095281456928978e-04 -5.094188654205143924e-05
2.635000000000000000e+02 -2.053763103142386675e-04 -6.682322759356386453e-04 1.408180574824092465e-05 -3.107893972989444033e-04 1.967979054192543753e-04
2.645000000000000000e+02 -2.063422575544416248e-04 -5.358971599458530258e-04 3.112468286756728012e-06 -1.041930947382347234e-04 1.075585711489641992e-04
2.655000000000000000e+02 -2.001904648359781325e-04 -6.114566323902488046e-04 -1.047407990145878275e-04 -6.004909718216191550e-05 1.178191608633508022e-04
2.665000000000000000e+02 -2.126670053001378127e-04 -5.570174775347364006e-04 7.061714579889769960e-05 -1.144381544820098032e-04 -6.254555451907542949e-06
2.675000000000000000e+02 -2.269987471413304771e-04 -4.164704739326137504e-04 1.140454218250364180e-04 -4.587735748028854988e-05 -1.017118501885985613e-04
2.685000000000000000e+02 -1.629171400858682244e-04 -4.167900794438497724e-04 1.007229946595987198e-04 -3.118015787008852587e-05 -9.527137012736739752e-06
2.695000000000000000e+02 -1.494332249595516960e-04 -4.216322922190364215e-04 6.464627551026529498e-05 1.146903257048447692e-04 7.704714853702605880e-05
2.705000000000000000e+02 -2.174152832442730250e-04 -4.849415822843281400e-04 1.392911420213170921e-05 -9.138982509414928293e-05 1.110991020564048730e-04
2.715000000000000000e+02 -1.716067222510236467e-04 -4.424264430133921337e-04 -1.090139044513674023e-05 7.171653215051506057e-06 -3.221903749148154916e-05
2.725000000000000000e+02 -1.499956221866257777e-04 -3.577990062794238744e-04 1.105980394215932486e-05 -3.083483387012015352e-05 1.191548352696105757e-04
2.735000000000000000e+02 -1.186890180584690961e-04 -4.033670658476427840e-04 1.263129077278370756e-04 6.272233236005177623e-06 -7.785304363682180506e-05
2.745000000000000000e+02 -1.383497863334709520e-04 -3.593409657418166338e-04 2.380458340167603663e-05 -9.405870841489225834e-05 1.072871462749991301e-04
2.755000000000000000e+02 -2.025161982111383632e-04 -4.577169591676062276e-04 -5.765020059438153766e-05 -1.734101703083781669e-04 4.952084220049404387e-05
2.765000000000000000e+02 -1.579799810080655391e-04 -3.211720637545303490e-04 1.153715573405997687e-04 6.288735007747510033e-06 1.312909642422923468e-04
2.775000000000000000e+02 -1.657050044432027908e-04 -3.990832033017576992e-04 3.784130298267430655e-06 -2.316821846619667366e-05 2.884092100191595572e-05
2.785000000000000000e+02 -1.688732757692279225e-04 -3.452219542204600740e-04 -1.014992836754944022e-04 -2.045904326176667517e-04 8.632447109157499244e-06
2.795000000000000000e+02 -1.987512071224449225e-04 -3.388894877508811208e-04 -8.725186628198567502e-05 -5.351097461227795430e-05 9.994728777436894733e-05
2.805000000000000000e+02 -2.084339343032769448e-04 -3.963767069066388444e-04 -4.216133245319486134e-05 -2.215914776604294254e-04 1.053741288439654966e-04
2.815000000000000000e+02 -2.166187287904442719e-04 -3.307357024064391349e-04 -3.012380460530894339e-05 -1.527507461854814183e-05 1.983257204984064230e-05
2.825000000000000000e+02 -1.784884887801318771e-04 -3.534626130398873254e-04 -8.377110717706360546e-05 -1.290323940241016297e-04 -9.287908598433579756e-06
2.835000000000000000e+02 -2.128121388366171921e-04 -3.810687628695986324e-04 -6.041256283221872823e-05 -4.376881806627536386e-05 -1.311472056561232039e-04
2.845000000000000000e+02 -1.946412811906330970e-04 -2.579657258166252005e-04 -8.579345855051305809e-06 -1.828522131266581440e-04 3.407423247138627705e-05
2.855000000000000000e+02 -1.704403255058375359e-04 -3.653667480043106160e-04 -1.254761317911199173e-05 -1.155892411883749300e-04 -1.696056642922545938e-06
2.865000000000000000e+02 -1.764623782573347482e-04 -2.501750949812906778e-04 1.837162381335394318e-05 -7.500280981814041374e-06 5.327419735439937532e-05
2.875000000000000000e+02 -1.591779295229089311e-04 -3.286274300122594798e-04 -1.230604986904443310e-04 -7.385313283820792130e-05 9.101251589831631055e-05
2.885000000000000000e+02 -2.023379087294767289e-04 -3.828487654120025824e-04 -1.382759424478069020e-04 -9.249757348022660981e-05 1.905385044623120899e-04
2.895000000000000000e+02 -2.100932049280961761e-04 -2.399811639541520720e-04 -4.301135262499723440e-05 -1.087935714688203717e-04 8.396813750884714312e-05
2.905000000000000000e+02 -1.528371905796594896e-04 -2.288580098449713245e-04 -1.267045207229216489e-04 -6.588857898509118392e-05 -4.389319774758276176e-05
2.915000000000000000e+02 -1.545655310284963033e-04 -3.895377142807740891e-04 -3.412976725958176307e-07 -1.910628767403366158e-04 1.035280829763879834e-04
2.925000000000000000e+02 -1.213410709412938982e-04 -3.761354162323417684e-04 -8.116712339855462315e-06 -2.454430416911946872e-04 5.045487462525480456e-05
2.935000000000000000e+02 -1.430587922644501961e-04 -2.763546842078295302e-04 -1.541977006624123544e-04 -9.522365707054880168e-05 1.152721597462928846e-04
2.945000000000000000e+02 -1.319795220355290402e-04 -2.621479859615100366e-04 6.846956725820245828e-06 -5.877663455903305327e-05 2.670180969518643941e-04
2.955000000000000000e+02 -1.520215429473957970e-04 -3.562615383882946902e-04 -6.229411406610248041e-05 -1.456989332701115957e-04 2.089380842824150697e-04
2.965000000000000000e+02 -2.005133065640698478e-04 -3.206730133843077113e-04 2.867683022779994648e-06 1.707068391574382681e-04 1.776602076155024028e-04
2.975000000000000000e+02 -1.659449830334301657e-04 -3.997826563078272057e-04 -3.512328234592082250e-05 1.044249514392516317e-04 1.972618701271386702e-04
2.985000000000000000e+02 -1.553126788496396482e-04 -3.553704994855888836e-04 2.827030413156377416e-06 1.476268340850933031e-05 1.659888041666310690e-04
2.995000000000000000e+02 -1.681217929667835431e-04 -3.391044750955615359e-04 1.095865881464565986e-06 -3.446335843909145578e-05 -3.148992276990184079e-05
