0.0000000000000e+00 5.0000000000000e+00 9.0252347843180e-08 -2.1930547647879e-12 -3.4082071522000e-13 -1.6820586587871e-12 1.1509281437209e-10 1.8221959255798e-12 -2.1577905270889e-11 7.7185898934166e-12 5.1652422005282e-11
5.0000000000000e+00 1.0000000000000e+01 6.2862115362999e-07 -1.6111769943828e-11 -3.2641639529995e-10 2.4051380083697e-12 1.7028671866783e-09 -2.0986448859311e-11 -1.7882336997266e-10 1.1933626141197e-12 5.1053289659143e-10
1.0000000000000e+01 1.5000000000000e+01 1.6971569912252e-06 -6.6103271685519e-11 -2.7857627009161e-09 6.2757497702468e-12 7.1583263967830e-09 -1.4872780296778e-11 -4.7871313062984e-10 7.2448898058367e-11 2.2038540975212e-09
1.5000000000000e+01 2.0000000000000e+01 3.2875763639900e-06 1.1740064982143e-11 -1.0459926400313e-08 -1.6032050307954e-10 1.8679888430194e-08 -3.2206924234168e-10 -2.1472784087729e-09 -1.0565982478108e-10 6.0908448493711e-09
2.0000000000000e+01 2.5000000000000e+01 5.3920022676400e-06 -1.0323282878107e-10 -2.7910087014064e-08 2.4067025941405e-10 3.8054877445869e-08 2.3432354931516e-10 -3.7171741203354e-09 -5.2910982105398e-10 1.1459567389677e-08
2.5000000000000e+01 3.0000000000000e+01 8.0019732936750e-06 -1.6240334119559e-10 -5.9912403930954e-08 -9.3642700194786e-10 6.8378110226659e-08 3.9640484839213e-10 -7.3421916689591e-09 1.0442143962880e-09 2.0247759828361e-08
3.0000000000000e+01 3.5000000000000e+01 1.1110141698799e-05 -8.0034948414419e-10 -1.1139003351909e-07 -1.8490408508357e-10 1.0973322381499e-07 -6.1289027016877e-11 -1.1748188896646e-08 8.6636616497503e-12 3.3886612632160e-08
3.5000000000000e+01 4.0000000000000e+01 1.4708178337937e-05 -5.5520484558526e-11 -1.8822943854748e-07 -1.2433719648096e-09 1.6571185340762e-07 1.4300593473288e-09 -2.0767742605779e-08 1.1844732893954e-09 5.0404070746327e-08
4.0000000000000e+01 4.5000000000000e+01 1.8787195471992e-05 2.0369720694440e-10 -2.9539649992210e-07 -1.7909861082551e-09 2.4001639896934e-07 -1.5695049058403e-09 -2.9312000242977e-08 5.7832063272809e-10 7.2509680692663e-08
4.5000000000000e+01 5.0000000000000e+01 2.3339355805212e-05 2.5196606635153e-11 -4.3919699861251e-07 -1.1320272996987e-09 3.3012824352175e-07 -1.2055915134447e-09 -4.2822626440961e-08 8.5341297449589e-10 9.9945475731416e-08
5.0000000000000e+01 5.5000000000000e+01 2.8356147966673e-05 1.1696844879899e-09 -6.2577501355790e-07 3.5855508461829e-11 4.4202573190800e-07 -2.4924404611001e-09 -6.7830436175156e-08 -1.6804779827243e-09 1.3050984181957e-07
5.5000000000000e+01 6.0000000000000e+01 3.3828746336877e-05 -8.6227953558630e-10 -8.6412356081885e-07 -3.8808864051117e-09 5.7593207713798e-07 -2.2890350671871e-09 -8.7435247250888e-08 5.0387826327985e-09 1.7091071913735e-07
6.0000000000000e+01 6.5000000000000e+01 3.9749413154660e-05 -1.1088622176321e-09 -1.1573412385217e-06 1.4562099978253e-09 7.3435594240558e-07 -3.9978377562744e-09 -1.2207142724629e-07 -2.2878639710038e-09 2.1985594917035e-07
6.5000000000000e+01 7.0000000000000e+01 4.6107764759076e-05 2.3885857536395e-09 -1.5168508410847e-06 2.2490752943451e-09 9.1904487980043e-07 -2.4441452112729e-09 -1.6127780979261e-07 -4.3693239330279e-09 2.7253452549441e-07
7.0000000000000e+01 7.5000000000000e+01 5.2895507975018e-05 9.1650135586469e-11 -1.9480411474458e-06 1.1467433041817e-09 1.1362498666230e-06 -2.9242366361916e-09 -2.0893600964198e-07 5.9228930480519e-09 3.4217269702539e-07
7.5000000000000e+01 8.0000000000000e+01 6.0104731044979e-05 -2.2283013090970e-09 -2.4560178326204e-06 -3.9265053690397e-10 1.3703961791034e-06 -6.1903684549244e-10 -2.6481483198087e-07 -8.3978613168340e-09 4.1831970586188e-07
8.0000000000000e+01 8.5000000000000e+01 6.7724903094565e-05 1.8332152400286e-09 -3.0562713771556e-06 -9.2864379467038e-10 1.6419573614085e-06 -4.9625699581673e-09 -3.3284396004067e-07 -2.6354496800506e-09 5.0535138463439e-07
8.5000000000000e+01 9.0000000000000e+01 7.5744092933836e-05 -4.5288168994407e-09 -3.7459489101790e-06 -9.5368742601184e-09 1.9631676615658e-06 -1.3411702885378e-08 -3.9813103196939e-07 1.6575899801919e-09 5.8571909148588e-07
9.0000000000000e+01 9.5000000000000e+01 8.4160922778101e-05 1.2192512446763e-09 -4.5443187879710e-06 -8.4392528697714e-09 2.3061706200696e-06 -1.3273225207195e-08 -4.8791382131966e-07 -1.2835823240542e-08 6.9668795469512e-07
9.5000000000000e+01 1.0000000000000e+02 9.2959868525425e-05 5.0192539628276e-10 -5.4471348812946e-06 -5.3392025855166e-09 2.6759232042499e-06 -5.5604286401161e-09 -5.5845048822980e-07 -6.3196302408781e-09 8.0389957745393e-07
1.0000000000000e+02 1.0500000000000e+02 1.0213000025189e-04 2.8487070583928e-09 -6.4757613145021e-06 -6.6500552869118e-09 3.0881667216939e-06 -8.6492993281145e-09 -6.6443750969593e-07 -1.4067044861127e-09 9.4688861145382e-07
1.0500000000000e+02 1.1000000000000e+02 1.1167174791024e-04 -5.5319046631433e-09 -7.6238055253924e-06 5.9317875409095e-10 3.5485290028104e-06 -8.9687923191239e-09 -8.1412121306576e-07 -3.8807157769800e-09 1.0727821563553e-06
1.1000000000000e+02 1.1500000000000e+02 1.2155814168485e-04 4.8424116185916e-10 -8.9209209435268e-06 -4.6856873786602e-09 4.0625009541902e-06 -1.4251734612811e-09 -9.0417534981033e-07 -1.4153355538134e-09 1.2097286363134e-06
1.1500000000000e+02 1.2000000000000e+02 1.3179123413564e-04 -7.8114598618182e-09 -1.0346417468775e-05 1.0234960072319e-08 4.6028468810322e-06 2.0577407610894e-09 -1.0659143486558e-06 -6.7981482006306e-09 1.3939044200829e-06
1.2000000000000e+02 1.2500000000000e+02 1.4236698127940e-04 -8.3989352680731e-09 -1.1922593817349e-05 3.3706186026406e-09 5.2135913203892e-06 4.0454651087092e-10 -1.2344832449803e-06 2.8936401220537e-08 1.5744754912493e-06
1.2500000000000e+02 1.3000000000000e+02 1.5326068736826e-04 -7.9492994374777e-09 -1.3667734647736e-05 -1.5685460554561e-08 5.8774533182331e-06 -2.7586458464760e-09 -1.4195216787807e-06 2.7895217951424e-08 1.7293813159731e-06
1.3000000000000e+02 1.3500000000000e+02 1.6447007917006e-04 -7.7254540662501e-09 -1.5581666572622e-05 -2.0157268033022e-09 6.5775560663905e-06 -7.5608194608901e-09 -1.5917824680384e-06 -2.2969698671941e-08 1.9490632703137e-06
1.3500000000000e+02 1.4000000000000e+02 1.7598918771739e-04 -1.7587022339504e-09 -1.7672460918834e-05 1.5189635302583e-09 7.3443404641909e-06 -1.4374708349087e-08 -1.8264145322844e-06 -1.7163998288242e-08 2.1595614367186e-06
1.4000000000000e+02 1.4500000000000e+02 1.8780882888188e-04 8.3927814428903e-09 -1.9912241845074e-05 -2.0801177095544e-08 8.1634140724499e-06 -1.5881843699349e-08 -2.0520659861578e-06 -3.1759162784098e-08 2.4079766345568e-06
1.4500000000000e+02 1.5000000000000e+02 1.9990220231954e-04 -8.6375401451668e-09 -2.2392241474688e-05 -1.6292104717109e-08 9.0215786882373e-06 -1.6032374234304e-08 -2.2771131638093e-06 -8.0148867925833e-09 2.6299489205366e-06
1.5000000000000e+02 1.5500000000000e+02 2.1226827976412e-04 4.1778986679733e-09 -2.5049717010773e-05 1.2919678174268e-08 9.9875087839678e-06 -3.5056906634977e-08 -2.5245303279959e-06 -1.6879843975990e-08 2.8832376455827e-06
1.5500000000000e+02 1.6000000000000e+02 2.2492884352185e-04 5.6564620042117e-09 -2.7909958427917e-05 1.4087556354330e-08 1.0954679053661e-05 -1.9883133611117e-08 -2.8596457787773e-06 -3.8912729952212e-08 3.1863333121938e-06
1.6000000000000e+02 1.6500000000000e+02 2.3781607914087e-04 -1.1531303173307e-08 -3.1008913857460e-05 -9.2918051019289e-09 1.2034068195582e-05 -2.5251693047139e-08 -3.2127397851237e-06 -2.6946432814881e-08 3.4780951026192e-06
1.6500000000000e+02 1.7000000000000e+02 2.5097075876790e-04 -3.6338354871632e-11 -3.4321097990637e-05 3.8743753690564e-09 1.3105937814468e-05 1.9222003100289e-08 -3.5546619876762e-06 -7.6621220283133e-08 3.7873196766991e-06
1.7000000000000e+02 1.7500000000000e+02 2.6434963184806e-04 -1.2996528045018e-08 -3.7866471913006e-05 2.7419425415164e-08 1.4384136274819e-05 -1.3522865068895e-09 -3.9518214531693e-06 -7.4569358967687e-09 4.1133552213458e-06
1.7500000000000e+02 1.8000000000000e+02 2.7796273316326e-04 2.6100000293843e-08 -4.1683729960827e-05 1.1010205182365e-09 1.5613094890668e-05 -9.9689522522906e-08 -4.3924633641841e-06 2.5709910276871e-08 4.4244141214671e-06
1.8000000000000e+02 1.8500000000000e+02 2.9178250329702e-04 9.3945309626589e-09 -4.5723792768869e-05 3.1268979653072e-08 1.6964495656016e-05 4.4629211527081e-09 -4.7671724230191e-06 -2.1480059867873e-08 4.8004353145450e-06
1.8500000000000e+02 1.9000000000000e+02 3.0582286264732e-04 -1.8999061778405e-08 -4.9992821421610e-05 9.7276097181647e-09 1.8338912180784e-05 3.7048151037458e-08 -5.3254230305866e-06 -8.9972030920308e-09 5.1790195199364e-06
1.9000000000000e+02 1.9500000000000e+02 3.2003965550381e-04 3.6752509157278e-09 -5.4578783289785e-05 -3.0420218450561e-08 1.9816938938894e-05 -2.6921627170510e-08 -5.7833906702831e-06 -4.8003222094689e-08 5.5845172147991e-06
1.9500000000000e+02 2.0000000000000e+02 3.3446475454481e-04 1.2179776497403e-08 -5.9434427849295e-05 -4.8151487417005e-08 2.1346880757698e-05 -2.9234235549419e-08 -6.2388283122881e-06 5.4240891129817e-08 6.0167746056350e-06
